9

3
John Doe
Jane Smith
Sirhan Sirhan
1 2 3
2 1 3
2 3 1
1 2 3
3 1 2

3
John Doe
Jane Smith
Sirhan Sirhan
1 3 2
2 1 3
2 3 1
1 2 3
3 1 2

4
ABCD
BCDE
CDEF
DEFG
4 2 1 3
4 2 1 3
3 1 2 4
3 2 1 4
2 1 3 4
1 3 4 2
2 1 3 4
3 4 1 2

4
A
B
C
D
1 2 3 4
4 1 3 2
2 4 3 1
3 1 2 4
4 3 2 1
3 1 2 4
2 4 3 1

3
AB
CD
dD
1 2 3
2 1 3

3
Thief
Alibaba
Donald Trump
1 2 3
3 1 2
3 1 2
2 3 1
2 3 1
1 2 3
3 1 2
3 1 2
2 3 1
2 3 1
1 2 3
3 1 2

1
A
1

10
A
B
C
D
E
F
G
H
I
J
5 6 10 3 1 9 4 8 7 2
2 4 10 9 8 6 5 3 7 1
6 1 7 10 9 4 5 3 2 8
9 10 6 1 8 3 7 5 4 2
2 5 6 3 9 4 1 10 7 8
2 4 1 7 8 6 9 10 3 5
10 9 5 6 3 1 7 4 8 2
9 4 1 8 5 2 6 7 3 10
8 7 10 1 2 5 6 4 3 9

<<<<<<< HEAD
3
John Doe
Jane Smith
Sirhan Sirhan
1 3 2
2 1 3
2 3 1
1 2 3
3 1 2
3 2 1
3 1 2

4
Tony Romo
Dez Bryant
Sean Lee
Jason Witten
1 3 2 4
4 2 1 3
2 4 3 1
1 2 4 3
3 1 2 4
4 1 2 3
3 2 1 4
3 1 2 4
1 2 3 4

3
A
B
C
3 2 1
2 1 3
1 3 2
3 2 1
2 1 3
1 2 3
3 2 1
2 1 3

=======
14
A
B
C
D
E
F
G
H
I
J
K
L
M
N
12 5 11 8 6 13 3 2 10 1 7 9 14 4
8 14 1 13 11 12 5 4 3 10 2 6 7 9
13 12 14 5 7 11 3 10 2 1 9 8 4 6
12 3 7 11 2 10 13 5 9 1 6 14 8 4
11 14 13 1 7 4 2 12 5 3 8 10 9 6
4 3 12 8 5 1 2 7 13 11 10 14 6 9
6 14 3 11 1 5 10 7 13 2 12 4 8 9
>>>>>>> 73bd57d61ea21e0ec507616ebd57eeb3383c9572
